image: /home/robotics/catkin_ws/src/second_project/map/map.png
resolution: 0.050000
#origin: [-21.200000, -21.200000, 0.000000]
#origin: [-20.8, -15.2, 0.0]
origin: [0.0, 0.00000, 0.000000]
negate: 0
occupied_thresh: 0.65
free_thresh: 0.196

